139
148
134
144
107
125
134
179
125
123
106
182
129
183
134
121
151
138
122
104
105
181
107
193
124
147
132
147
136
120
107
176
115
173
112
126
191
198
127
141
124
164
105
126
183
134
193
189
116
138
102
107
136
131
167
154
134
116
195
127
198
186
169
151
141
134
133
117
182
128
173
107
186
119
104
149
151
129
192
101
177
183
166
197
165
158
132
190
114
125
124
103
183
144
136
153
133
148
108
128
130
174
122
169
188
192
111
126
150
127
160
100
105
139
123
130
180
153
199
105
101
166
100
147
146
174
143
109
166
134
183
102
184
105
110
155
103
171
113
195
110
130
103
133
181
119
106
144
135
107
128
198
105
193
170
168
103
111
109
187
122
121
187
182
199
163
105
182
111
193
103
184
152
126
132
108
129
150
119
125
149
180
153
101
192
178
171
143
190
134
190
127
109
151
170
149
187
199
105
166
112
103
